image0.jpg = 

 [[ 173.25201, 102.96634 ]
[ 210.36755, 103.489975 ]
[ 246.91806, 103.826385 ]
[ 283.76706, 104.335396 ]
[ 320.39853, 104.79431 ]
[ 356.77322, 105.77548 ]
[ 393.98373, 106.5387 ]
[ 430.61823, 107.12165 ]
[ 468.1371, 107.7401 ]
[ 171.40868, 138.34917 ]
[ 208.54715, 138.80374 ]
[ 245.63321, 139.47778 ]
[ 282.52374, 139.40224 ]
[ 319.52594, 140.36523 ]
[ 356.2313, 141.56828 ]
[ 393.53058, 142.40063 ]
[ 430.90622, 142.8895 ]
[ 468.57553, 143.50542 ]
[ 169.44466, 174.47784 ]
[ 207.17247, 174.95842 ]
[ 243.96466, 175.37566 ]
[ 281.5036, 175.5514 ]
[ 318.58755, 176.89731 ]
[ 355.67322, 177.56256 ]
[ 393.4844, 178.51862 ]
[ 430.9984, 178.95099 ]
[ 469.25644, 179.67578 ]
[ 167.50687, 211.00137 ]
[ 205.30984, 211.568 ]
[ 242.6555, 211.9317 ]
[ 280.46585, 212.37817 ]
[ 317.8232, 213.6947 ]
[ 355.40417, 214.52388 ]
[ 393.32477, 215.32692 ]
[ 431.28894, 215.72588 ]
[ 469.5274, 216.44897 ]
[ 165.30325, 248.32495 ]
[ 203.51451, 248.69302 ]
[ 241.2686, 249.34474 ]
[ 279.41556, 249.83908 ]
[ 317.27975, 251.22437 ]
[ 355.10513, 252.31296 ]
[ 393.3431, 252.8675 ]
[ 431.427, 253.37727 ]
[ 470.1994, 254.23592 ]
[ 163.26828, 286.2043 ]
[ 201.48958, 286.72565 ]
[ 239.72305, 287.44983 ]
[ 278.34082, 288.2736 ]
[ 316.44888, 289.42932 ]
[ 354.61655, 290.24054 ]
[ 393.25162, 290.68887 ]
[ 431.78937, 291.526 ]
[ 470.97528, 291.9385 ]
[ 160.9943, 324.5675 ]
[ 199.93607, 325.42053 ]
[ 238.02274, 326.29196 ]
[ 276.90228, 327.06052 ]
[ 315.7005, 328.3295 ]
[ 354.26328, 328.9746 ]
[ 393.2432, 329.72592 ]
[ 432.09198, 330.3336 ]
[ 471.70667, 331.0067 ]
]

--------------------------------------------------image1.jpg = 

 [[ 173.28835, 103.00725 ]
[ 210.40681, 103.52993 ]
[ 246.94354, 103.857796 ]
[ 283.77737, 104.36896 ]
[ 320.38425, 104.81061 ]
[ 356.7603, 105.73603 ]
[ 393.98987, 106.53531 ]
[ 430.59708, 107.160126 ]
[ 468.14914, 107.77649 ]
[ 171.3771, 138.33943 ]
[ 208.56422, 138.78381 ]
[ 245.67886, 139.37901 ]
[ 282.51343, 139.38765 ]
[ 319.5344, 140.35663 ]
[ 356.2114, 141.5709 ]
[ 393.4983, 142.42236 ]
[ 430.91403, 142.8491 ]
[ 468.5607, 143.50969 ]
[ 169.40623, 174.46765 ]
[ 207.13829, 175.124 ]
[ 243.9585, 175.36714 ]
[ 281.49344, 175.54141 ]
[ 318.60413, 176.91902 ]
[ 355.66458, 177.56097 ]
[ 393.48828, 178.53394 ]
[ 431.03796, 178.99965 ]
[ 469.2334, 179.66684 ]
[ 167.49226, 211.02429 ]
[ 205.273, 211.5955 ]
[ 242.63301, 211.88419 ]
[ 280.45782, 212.38646 ]
[ 317.88434, 213.704 ]
[ 355.3916, 214.52486 ]
[ 393.3086, 215.32597 ]
[ 431.3093, 215.72719 ]
[ 469.546, 216.44156 ]
[ 165.25298, 248.3043 ]
[ 203.51453, 248.65607 ]
[ 241.25394, 249.35509 ]
[ 279.42752, 249.82373 ]
[ 317.2998, 251.22942 ]
[ 355.10135, 252.30399 ]
[ 393.33978, 252.85887 ]
[ 431.4391, 253.3887 ]
[ 470.18753, 254.18518 ]
[ 163.25096, 286.2067 ]
[ 201.46213, 286.68958 ]
[ 239.71712, 287.45636 ]
[ 278.32028, 288.27448 ]
[ 316.4393, 289.42773 ]
[ 354.62646, 290.21393 ]
[ 393.26257, 290.68414 ]
[ 431.81332, 291.56 ]
[ 471.0207, 291.9553 ]
[ 161.0511, 324.5987 ]
[ 199.94376, 325.36914 ]
[ 238.10971, 326.3082 ]
[ 276.8933, 327.0944 ]
[ 315.72153, 328.34348 ]
[ 354.27518, 329.0288 ]
[ 393.25992, 329.6968 ]
[ 432.13525, 330.32764 ]
[ 471.6872, 330.99194 ]
]

--------------------------------------------------image10.jpg = 

 [[ 96.07273, 92.78769 ]
[ 140.6159, 94.54118 ]
[ 184.42973, 95.94855 ]
[ 228.46144, 97.40965 ]
[ 271.9498, 98.747375 ]
[ 315.51968, 100.5519 ]
[ 359.74875, 102.147064 ]
[ 403.58813, 103.62839 ]
[ 448.1636, 105.28747 ]
[ 94.65676, 137.04626 ]
[ 139.19212, 138.59976 ]
[ 183.21512, 140.16222 ]
[ 226.59352, 141.28662 ]
[ 270.41953, 142.98706 ]
[ 313.7569, 145.02805 ]
[ 358.01944, 146.55429 ]
[ 402.2551, 148.28714 ]
[ 446.78778, 149.5968 ]
[ 93.35432, 181.26994 ]
[ 137.94923, 182.76077 ]
[ 181.35944, 184.20667 ]
[ 225.16434, 185.50883 ]
[ 268.88458, 187.43002 ]
[ 312.3261, 189.2724 ]
[ 356.61227, 190.85696 ]
[ 400.62097, 192.34259 ]
[ 445.39743, 193.82118 ]
[ 91.869, 225.37144 ]
[ 136.29478, 226.80223 ]
[ 179.83269, 228.39748 ]
[ 223.61304, 229.9192 ]
[ 267.40915, 231.64857 ]
[ 310.94437, 233.5141 ]
[ 355.14148, 234.99242 ]
[ 399.17786, 236.53842 ]
[ 443.84406, 238.0532 ]
[ 90.01744, 269.34183 ]
[ 134.54391, 270.7977 ]
[ 178.1827, 272.51642 ]
[ 222.21153, 274.108 ]
[ 265.9645, 276.1095 ]
[ 309.54358, 278.0298 ]
[ 353.69876, 279.53586 ]
[ 397.73972, 281.03247 ]
[ 442.43716, 282.5697 ]
[ 88.33881, 313.66223 ]
[ 132.67285, 315.20728 ]
[ 176.57773, 316.8524 ]
[ 220.65198, 318.5742 ]
[ 264.4377, 320.46643 ]
[ 308.16486, 322.24252 ]
[ 352.2385, 323.69223 ]
[ 396.42978, 325.34634 ]
[ 441.16092, 326.86215 ]
[ 86.43057, 357.96 ]
[ 131.13855, 359.51263 ]
[ 174.59714, 361.15344 ]
[ 218.82726, 362.94113 ]
[ 263.00867, 365.01962 ]
[ 306.55423, 366.65338 ]
[ 350.80206, 368.3527 ]
[ 394.90402, 369.8413 ]
[ 439.87277, 371.65308 ]
]

--------------------------------------------------image11.jpg = 

 [[ 139.72371, 157.44727 ]
[ 186.46712, 158.49048 ]
[ 232.56639, 159.33336 ]
[ 279.08224, 160.16396 ]
[ 325.3634, 161.226 ]
[ 371.38898, 162.39984 ]
[ 418.45392, 163.53458 ]
[ 464.92584, 164.54623 ]
[ 512.5341, 165.67624 ]
[ 141.61957, 202.9017 ]
[ 187.6229, 203.91814 ]
[ 233.25899, 204.72891 ]
[ 278.62607, 206.0587 ]
[ 324.4312, 207.33583 ]
[ 369.73868, 208.59656 ]
[ 415.98355, 209.54765 ]
[ 462.35718, 210.63516 ]
[ 509.05286, 211.62767 ]
[ 143.60658, 247.35541 ]
[ 188.9073, 248.3419 ]
[ 233.53188, 249.55704 ]
[ 278.5437, 250.68701 ]
[ 323.50742, 251.60011 ]
[ 368.3559, 253.26581 ]
[ 414.04663, 254.15848 ]
[ 459.48267, 254.95853 ]
[ 505.87445, 256.21527 ]
[ 145.2755, 290.3932 ]
[ 189.9558, 291.4536 ]
[ 234.11816, 292.91135 ]
[ 278.58456, 294.3754 ]
[ 322.82993, 294.8325 ]
[ 367.21576, 296.48654 ]
[ 412.02527, 297.28912 ]
[ 457.02243, 298.5521 ]
[ 502.5303, 299.43478 ]
[ 146.6808, 332.3214 ]
[ 191.00235, 333.40704 ]
[ 234.51517, 335.1566 ]
[ 278.54456, 336.29196 ]
[ 322.34067, 337.18927 ]
[ 366.0943, 338.51547 ]
[ 410.3974, 339.78717 ]
[ 454.5646, 340.73456 ]
[ 499.60892, 341.87482 ]
[ 148.39676, 373.35333 ]
[ 191.79466, 374.58353 ]
[ 235.01872, 375.93494 ]
[ 278.46875, 377.46066 ]
[ 321.62347, 378.21674 ]
[ 364.91302, 379.68515 ]
[ 408.56195, 380.7136 ]
[ 452.42328, 381.6646 ]
[ 496.98798, 383.35904 ]
[ 149.64862, 413.3267 ]
[ 192.76776, 414.4741 ]
[ 235.12968, 415.64062 ]
[ 278.19577, 417.21716 ]
[ 321.1869, 418.4963 ]
[ 363.692, 419.83 ]
[ 406.93088, 420.8097 ]
[ 450.2362, 422.25833 ]
[ 494.39597, 424.05536 ]
]

--------------------------------------------------image12.jpg = 

 [[ 133.74438, 121.01973 ]
[ 185.18971, 124.56275 ]
[ 235.52554, 127.806335 ]
[ 285.99344, 131.16824 ]
[ 336.21002, 134.48724 ]
[ 385.88806, 137.92047 ]
[ 436.5331, 141.35721 ]
[ 486.45953, 144.61008 ]
[ 537.54266, 148.10982 ]
[ 136.54437, 167.30582 ]
[ 186.28755, 170.58705 ]
[ 235.25174, 173.65134 ]
[ 283.97256, 177.76274 ]
[ 332.72717, 181.05609 ]
[ 380.97348, 184.38988 ]
[ 429.76923, 187.33926 ]
[ 478.71274, 190.45602 ]
[ 528.14655, 193.57323 ]
[ 139.30594, 211.03209 ]
[ 187.52773, 214.1587 ]
[ 234.62283, 217.7204 ]
[ 282.27686, 221.36003 ]
[ 329.45612, 223.80421 ]
[ 376.28128, 227.58694 ]
[ 423.95673, 230.283 ]
[ 471.29355, 233.08308 ]
[ 519.4233, 236.39708 ]
[ 141.62776, 252.15631 ]
[ 188.51233, 255.33826 ]
[ 234.45404, 258.93085 ]
[ 280.60794, 262.62778 ]
[ 326.5412, 264.49026 ]
[ 372.18826, 268.06396 ]
[ 418.3486, 270.52112 ]
[ 464.5546, 274.03073 ]
[ 511.14774, 276.454 ]
[ 143.73404, 290.92526 ]
[ 189.34067, 294.198 ]
[ 234.08627, 297.8376 ]
[ 279.27554, 300.85403 ]
[ 323.82864, 303.25974 ]
[ 368.23892, 306.2487 ]
[ 413.26447, 309.33145 ]
[ 457.8196, 312.1771 ]
[ 503.3555, 314.79944 ]
[ 145.95189, 327.88235 ]
[ 190.09673, 331.192 ]
[ 233.77751, 334.4337 ]
[ 277.68076, 337.574 ]
[ 321.2203, 339.61267 ]
[ 364.5701, 342.86304 ]
[ 408.2899, 345.581 ]
[ 451.81598, 348.0168 ]
[ 496.26324, 351.4946 ]
[ 147.70395, 362.83417 ]
[ 191.07095, 365.73944 ]
[ 233.31497, 368.81805 ]
[ 276.12512, 371.77744 ]
[ 318.7078, 374.5276 ]
[ 360.91806, 377.5098 ]
[ 403.58405, 379.96313 ]
[ 446.1486, 382.79535 ]
[ 489.37946, 386.25177 ]
]

--------------------------------------------------image13.jpg = 

 [[ 148.96573, 237.44858 ]
[ 175.97266, 216.90695 ]
[ 203.0395, 195.87181 ]
[ 231.27899, 174.58167 ]
[ 259.6107, 152.74504 ]
[ 288.99744, 131.0856 ]
[ 319.6255, 108.078735 ]
[ 350.285, 84.76978 ]
[ 382.36197, 60.60842 ]
[ 163.40308, 267.24078 ]
[ 190.73839, 246.68567 ]
[ 218.82767, 225.91112 ]
[ 246.63469, 204.29688 ]
[ 276.05902, 182.8324 ]
[ 306.33777, 161.15868 ]
[ 337.4855, 138.51448 ]
[ 369.46805, 115.07363 ]
[ 402.20538, 90.69778 ]
[ 178.30586, 298.18213 ]
[ 206.54549, 277.67227 ]
[ 234.35602, 256.73325 ]
[ 263.26962, 235.38287 ]
[ 293.8933, 214.19888 ]
[ 324.2433, 192.31381 ]
[ 356.383, 169.45502 ]
[ 388.7546, 146.04324 ]
[ 422.55734, 121.618385 ]
[ 193.66884, 329.89584 ]
[ 222.34084, 309.4737 ]
[ 250.92201, 288.74014 ]
[ 280.49283, 267.3085 ]
[ 312.16617, 246.36742 ]
[ 343.19644, 224.31468 ]
[ 375.8685, 201.61638 ]
[ 408.9094, 178.00716 ]
[ 443.45938, 153.71364 ]
[ 209.2672, 362.73645 ]
[ 238.60112, 342.37646 ]
[ 267.75226, 321.61444 ]
[ 298.6523, 300.48682 ]
[ 330.69702, 279.44733 ]
[ 363.06604, 257.71863 ]
[ 396.13754, 234.6896 ]
[ 430.07462, 211.33427 ]
[ 465.61688, 187.05647 ]
[ 225.69656, 396.66348 ]
[ 255.56203, 376.44595 ]
[ 286.06808, 355.91183 ]
[ 317.43854, 334.76956 ]
[ 350.10425, 313.7513 ]
[ 383.00635, 291.7866 ]
[ 416.83325, 268.96555 ]
[ 452.15134, 245.60052 ]
[ 488.02814, 221.1094 ]
[ 242.5123, 431.78818 ]
[ 273.4212, 411.68805 ]
[ 304.44943, 391.41586 ]
[ 336.704, 370.57208 ]
[ 370.3202, 349.27762 ]
[ 403.8024, 327.43454 ]
[ 438.86163, 304.56683 ]
[ 474.59607, 281.24942 ]
[ 511.71915, 256.78125 ]
]

--------------------------------------------------image14.jpg = 

 [[ 146.55084, 229.41135 ]
[ 172.89569, 209.70015 ]
[ 199.62097, 189.5686 ]
[ 227.3468, 168.89388 ]
[ 255.51398, 147.86482 ]
[ 284.5752, 126.792496 ]
[ 314.93433, 104.43954 ]
[ 345.5822, 81.775444 ]
[ 377.81723, 57.990936 ]
[ 158.78775, 259.10748 ]
[ 185.62581, 239.5222 ]
[ 213.44823, 219.49646 ]
[ 240.60353, 198.66495 ]
[ 269.8621, 177.92558 ]
[ 299.82285, 156.98987 ]
[ 331.00616, 134.93016 ]
[ 362.95285, 112.10709 ]
[ 395.83133, 88.345146 ]
[ 171.63205, 290.04352 ]
[ 199.31752, 270.59357 ]
[ 226.72865, 250.45708 ]
[ 255.32875, 229.87715 ]
[ 285.78723, 209.45358 ]
[ 315.87955, 188.42073 ]
[ 348.09866, 166.09451 ]
[ 380.55188, 143.4783 ]
[ 414.55142, 119.53495 ]
[ 184.73224, 322.01532 ]
[ 213.11426, 302.48038 ]
[ 241.23691, 282.5873 ]
[ 270.4794, 262.01794 ]
[ 302.09045, 241.82452 ]
[ 332.9757, 220.60884 ]
[ 365.67996, 198.69354 ]
[ 398.8355, 175.7785 ]
[ 433.7486, 152.08914 ]
[ 198.24318, 354.9224 ]
[ 227.18767, 335.59512 ]
[ 256.00357, 315.7288 ]
[ 286.52368, 295.57645 ]
[ 318.58838, 275.42233 ]
[ 350.80966, 254.61655 ]
[ 384.17, 232.37712 ]
[ 418.1337, 209.64319 ]
[ 454.12335, 185.98364 ]
[ 212.41681, 389.33804 ]
[ 241.79543, 370.1102 ]
[ 272.10202, 350.53076 ]
[ 303.30713, 330.37506 ]
[ 335.89603, 310.35852 ]
[ 368.85422, 289.24365 ]
[ 402.80832, 267.28384 ]
[ 438.45575, 244.57729 ]
[ 474.65576, 220.77177 ]
[ 226.92271, 424.75162 ]
[ 257.46848, 405.84174 ]
[ 288.28372, 386.6025 ]
[ 320.3929, 366.75726 ]
[ 353.8753, 346.4818 ]
[ 387.61566, 325.61966 ]
[ 423.0872, 303.6429 ]
[ 458.9087, 281.15237 ]
[ 496.68643, 257.40652 ]
]

--------------------------------------------------image15.jpg = 

 [[ 165.58849, 67.0655 ]
[ 209.6525, 73.52196 ]
[ 251.25061, 79.49063 ]
[ 291.71976, 85.33661 ]
[ 330.55594, 90.891754 ]
[ 367.47882, 96.56623 ]
[ 403.9661, 102.24364 ]
[ 438.81345, 107.26327 ]
[ 473.14996, 112.39316 ]
[ 164.75708, 108.1351 ]
[ 208.8735, 113.788795 ]
[ 251.36925, 119.362305 ]
[ 292.51562, 123.70103 ]
[ 331.75558, 129.24599 ]
[ 369.0719, 134.53764 ]
[ 405.64157, 139.48593 ]
[ 441.15805, 144.34174 ]
[ 475.72287, 148.62854 ]
[ 163.43109, 150.53856 ]
[ 208.5166, 155.54498 ]
[ 251.33293, 159.67566 ]
[ 293.20233, 163.86473 ]
[ 332.16052, 169.2285 ]
[ 370.32928, 173.45949 ]
[ 407.5184, 177.79974 ]
[ 443.284, 181.66608 ]
[ 478.51575, 185.6397 ]
[ 162.35846, 193.79332 ]
[ 207.71309, 197.92223 ]
[ 251.52272, 201.52194 ]
[ 293.70538, 205.06165 ]
[ 333.17114, 209.71132 ]
[ 371.71643, 213.34224 ]
[ 409.10822, 216.88298 ]
[ 445.64917, 220.19356 ]
[ 480.929, 223.41302 ]
[ 160.74359, 238.26193 ]
[ 207.18085, 241.51343 ]
[ 251.40897, 244.43025 ]
[ 294.15344, 247.53471 ]
[ 334.05634, 251.34145 ]
[ 373.0227, 254.58324 ]
[ 411.31775, 257.24673 ]
[ 448.04016, 259.71643 ]
[ 483.67752, 262.46262 ]
[ 159.45038, 284.17047 ]
[ 206.33955, 286.5267 ]
[ 251.26866, 288.8463 ]
[ 294.42337, 291.32535 ]
[ 335.11713, 294.15073 ]
[ 374.82874, 296.317 ]
[ 413.4238, 298.25815 ]
[ 450.41653, 300.35324 ]
[ 487.12064, 301.84903 ]
[ 157.99243, 331.25403 ]
[ 205.58235, 332.7234 ]
[ 250.45587, 334.45383 ]
[ 294.42383, 336.08115 ]
[ 336.37415, 337.99664 ]
[ 376.4586, 339.47018 ]
[ 415.4278, 340.65564 ]
[ 453.13696, 341.75983 ]
[ 490.23376, 343.02023 ]
]

--------------------------------------------------image16.jpg = 

 [[ 140.4798, 85.6817 ]
[ 189.89954, 94.65875 ]
[ 235.20013, 103.03926 ]
[ 277.48758, 110.70192 ]
[ 316.9322, 117.90254 ]
[ 353.45462, 125.07533 ]
[ 388.58377, 131.69864 ]
[ 421.328, 137.75989 ]
[ 452.4954, 143.69374 ]
[ 140.49783, 137.2443 ]
[ 190.0989, 144.57263 ]
[ 235.6654, 151.25372 ]
[ 279.3852, 156.8864 ]
[ 318.98767, 163.0871 ]
[ 355.5815, 169.08109 ]
[ 390.519, 174.45284 ]
[ 423.4534, 179.57458 ]
[ 454.85773, 184.19656 ]
[ 140.2496, 190.28195 ]
[ 190.35243, 195.58618 ]
[ 236.76688, 200.28548 ]
[ 280.46365, 204.56924 ]
[ 319.47815, 209.53949 ]
[ 357.11148, 213.81093 ]
[ 392.29648, 217.91698 ]
[ 425.4512, 221.48734 ]
[ 457.2769, 224.97827 ]
[ 139.8011, 243.9487 ]
[ 190.6107, 247.42667 ]
[ 237.69576, 250.44667 ]
[ 281.908, 253.28438 ]
[ 320.64862, 256.60837 ]
[ 358.77454, 259.54462 ]
[ 393.92102, 262.0635 ]
[ 427.9538, 264.32144 ]
[ 459.51422, 266.45447 ]
[ 139.35825, 298.84274 ]
[ 190.8403, 300.2782 ]
[ 238.57617, 301.43884 ]
[ 282.65204, 302.74713 ]
[ 322.36346, 304.7281 ]
[ 359.9439, 306.25418 ]
[ 396.34192, 307.15488 ]
[ 430.0938, 308.0092 ]
[ 461.93915, 308.86667 ]
[ 138.68288, 355.33044 ]
[ 190.9622, 354.52725 ]
[ 238.90953, 354.0322 ]
[ 283.5505, 353.64062 ]
[ 323.5809, 353.5303 ]
[ 362.33484, 353.28497 ]
[ 398.5754, 352.66837 ]
[ 432.27975, 352.31183 ]
[ 465.27216, 351.70844 ]
[ 138.17418, 412.91177 ]
[ 190.76036, 409.94357 ]
[ 238.64923, 407.49167 ]
[ 283.7739, 405.28348 ]
[ 325.52112, 403.61273 ]
[ 364.1211, 401.53326 ]
[ 400.56738, 399.56888 ]
[ 435.00327, 397.66055 ]
[ 468.20908, 395.87543 ]
]

--------------------------------------------------image17.jpg = 

 [[ 268.7784, 36.2426 ]
[ 303.03284, 60.56615 ]
[ 336.00656, 84.12848 ]
[ 368.37396, 107.06595 ]
[ 399.66757, 129.48302 ]
[ 430.0145, 151.4611 ]
[ 460.2949, 173.38052 ]
[ 489.61365, 194.24434 ]
[ 518.65015, 215.31976 ]
[ 248.75467, 68.272964 ]
[ 283.50497, 92.56639 ]
[ 317.28204, 116.162704 ]
[ 350.7628, 138.58443 ]
[ 382.65616, 161.3293 ]
[ 413.36212, 183.44589 ]
[ 443.90088, 205.26607 ]
[ 473.88812, 226.42738 ]
[ 503.60867, 246.91336 ]
[ 227.85654, 101.580246 ]
[ 263.5663, 125.7628 ]
[ 298.18918, 148.80637 ]
[ 332.28894, 171.56956 ]
[ 364.10977, 194.52237 ]
[ 395.9397, 216.3478 ]
[ 427.39505, 238.01248 ]
[ 457.73996, 258.71677 ]
[ 488.35706, 279.59787 ]
[ 206.47046, 135.5492 ]
[ 242.93518, 159.8168 ]
[ 278.39743, 182.77719 ]
[ 313.25742, 205.64511 ]
[ 345.56882, 228.40286 ]
[ 378.3178, 250.28615 ]
[ 409.94687, 271.60767 ]
[ 441.6119, 292.50616 ]
[ 472.44714, 312.94052 ]
[ 184.30632, 170.5846 ]
[ 221.6433, 194.64557 ]
[ 257.93338, 217.76787 ]
[ 293.34253, 240.64095 ]
[ 326.59406, 263.46484 ]
[ 359.46558, 285.37012 ]
[ 392.63858, 306.63574 ]
[ 424.52707, 327.2779 ]
[ 456.1856, 347.7712 ]
[ 161.53821, 206.96849 ]
[ 199.59222, 230.97005 ]
[ 236.58603, 254.19775 ]
[ 272.63794, 277.22083 ]
[ 306.95346, 299.57782 ]
[ 341.15622, 321.1737 ]
[ 374.60306, 342.178 ]
[ 407.19177, 362.85202 ]
[ 439.79654, 383.09885 ]
[ 137.76025, 244.42664 ]
[ 176.77193, 268.39117 ]
[ 214.30634, 291.47943 ]
[ 251.2582, 314.1578 ]
[ 286.87634, 336.7349 ]
[ 321.56586, 358.22696 ]
[ 355.83295, 379.35416 ]
[ 389.3694, 399.55505 ]
[ 422.76514, 420.16974 ]
]

--------------------------------------------------image19.jpg = 

 [[ 77.77061, 146.53185 ]
[ 116.39177, 138.08449 ]
[ 154.78479, 129.63829 ]
[ 194.2106, 121.019936 ]
[ 233.74178, 112.34816 ]
[ 274.14423, 103.88445 ]
[ 315.89105, 94.8552 ]
[ 357.8138, 85.70996 ]
[ 401.4641, 76.42102 ]
[ 80.55065, 185.38551 ]
[ 119.40341, 177.32875 ]
[ 158.6797, 169.19476 ]
[ 197.53477, 160.29251 ]
[ 237.96758, 152.23401 ]
[ 278.8098, 144.24847 ]
[ 321.28442, 135.5291 ]
[ 364.43118, 126.89951 ]
[ 408.49496, 117.67442 ]
[ 83.35031, 225.49217 ]
[ 122.90641, 217.58975 ]
[ 161.75777, 209.45547 ]
[ 201.68498, 201.11295 ]
[ 243.04895, 193.7059 ]
[ 284.2157, 185.54083 ]
[ 327.29904, 177.29877 ]
[ 370.6897, 168.63947 ]
[ 415.66492, 159.64435 ]
[ 86.06281, 266.46643 ]
[ 125.921875, 258.8139 ]
[ 165.52058, 250.8715 ]
[ 205.91, 242.88702 ]
[ 247.93906, 235.84355 ]
[ 289.79492, 228.03783 ]
[ 333.34457, 220.0034 ]
[ 377.44638, 211.55215 ]
[ 422.8585, 202.91125 ]
[ 88.514336, 308.4442 ]
[ 129.03421, 300.90265 ]
[ 168.95331, 293.45505 ]
[ 210.60246, 285.9379 ]
[ 253.05928, 279.17374 ]
[ 295.75247, 272.07346 ]
[ 339.7013, 263.9747 ]
[ 384.28604, 255.72482 ]
[ 430.6847, 247.64679 ]
[ 91.285675, 351.65674 ]
[ 132.07478, 344.58957 ]
[ 173.25618, 337.4876 ]
[ 215.25345, 330.37015 ]
[ 258.24963, 323.69147 ]
[ 301.4848, 316.52063 ]
[ 345.9468, 308.79395 ]
[ 391.605, 301.222 ]
[ 438.4011, 293.03586 ]
[ 93.66583, 396.02603 ]
[ 135.54137, 389.32248 ]
[ 177.04854, 382.6368 ]
[ 219.74854, 375.84668 ]
[ 263.59723, 369.5052 ]
[ 307.44348, 362.6116 ]
[ 352.7909, 355.4177 ]
[ 398.81158, 347.94476 ]
[ 446.56915, 340.33054 ]
]

--------------------------------------------------image2.jpg = 

 [[ 173.30925, 102.96285 ]
[ 210.40604, 103.47996 ]
[ 246.87776, 103.78519 ]
[ 283.76074, 104.344894 ]
[ 320.38873, 104.75156 ]
[ 356.7617, 105.69732 ]
[ 394.02283, 106.51009 ]
[ 430.60547, 107.10693 ]
[ 468.13477, 107.702995 ]
[ 171.3755, 138.30049 ]
[ 208.56007, 138.75203 ]
[ 245.6531, 139.42966 ]
[ 282.52597, 139.37885 ]
[ 319.5598, 140.36877 ]
[ 356.2676, 141.57314 ]
[ 393.54922, 142.37189 ]
[ 430.87378, 142.88007 ]
[ 468.58264, 143.49995 ]
[ 169.41556, 174.45186 ]
[ 207.14352, 175.05489 ]
[ 243.9898, 175.33765 ]
[ 281.53244, 175.51636 ]
[ 318.58105, 176.90839 ]
[ 355.6646, 177.544 ]
[ 393.4752, 178.51302 ]
[ 431.04413, 178.99146 ]
[ 469.2598, 179.6735 ]
[ 167.50278, 211.00381 ]
[ 205.29823, 211.57262 ]
[ 242.68027, 211.90831 ]
[ 280.4834, 212.39423 ]
[ 317.83853, 213.68066 ]
[ 355.40796, 214.49786 ]
[ 393.3114, 215.2907 ]
[ 431.32135, 215.72046 ]
[ 469.5539, 216.4334 ]
[ 165.28766, 248.28098 ]
[ 203.52884, 248.66858 ]
[ 241.2838, 249.29506 ]
[ 279.4359, 249.8043 ]
[ 317.31415, 251.23184 ]
[ 355.12595, 252.28868 ]
[ 393.39102, 252.8234 ]
[ 431.46802, 253.3755 ]
[ 470.22308, 254.20987 ]
[ 163.26578, 286.2258 ]
[ 201.47865, 286.7001 ]
[ 239.73318, 287.4339 ]
[ 278.31927, 288.24158 ]
[ 316.44565, 289.43472 ]
[ 354.62457, 290.20737 ]
[ 393.27478, 290.676 ]
[ 431.81717, 291.52316 ]
[ 470.99118, 291.92465 ]
[ 161.0692, 324.5861 ]
[ 199.91219, 325.38156 ]
[ 238.0911, 326.28625 ]
[ 276.87875, 327.00037 ]
[ 315.72183, 328.32257 ]
[ 354.2709, 328.95496 ]
[ 393.23965, 329.67938 ]
[ 432.09402, 330.3079 ]
[ 471.70117, 330.99146 ]
]

--------------------------------------------------image20.jpg = 

 [[ 228.9395, 72.61291 ]
[ 260.29758, 83.77929 ]
[ 292.1015, 95.23081 ]
[ 325.57343, 107.12554 ]
[ 359.6762, 119.55463 ]
[ 395.05322, 132.47374 ]
[ 432.50702, 146.21758 ]
[ 470.6504, 159.8397 ]
[ 511.29974, 174.70346 ]
[ 216.37238, 108.40698 ]
[ 247.03159, 120.13553 ]
[ 278.88855, 132.13533 ]
[ 310.82083, 144.483 ]
[ 344.86563, 157.7752 ]
[ 379.65802, 171.58536 ]
[ 416.5521, 185.7441 ]
[ 454.76126, 200.61467 ]
[ 494.59592, 215.68903 ]
[ 203.71516, 144.1429 ]
[ 234.3864, 156.43156 ]
[ 264.76138, 168.76263 ]
[ 297.01306, 181.70438 ]
[ 330.79123, 195.87329 ]
[ 364.72107, 210.1424 ]
[ 401.47028, 225.1091 ]
[ 438.92685, 240.0732 ]
[ 478.51517, 256.28625 ]
[ 191.57217, 179.09398 ]
[ 221.28038, 192.11345 ]
[ 251.63403, 205.20181 ]
[ 283.14722, 218.87659 ]
[ 316.69354, 233.40309 ]
[ 350.53436, 248.37492 ]
[ 386.48007, 263.52786 ]
[ 423.39078, 279.61682 ]
[ 462.29153, 295.98203 ]
[ 178.92433, 213.94054 ]
[ 208.54495, 227.29727 ]
[ 238.35623, 241.00967 ]
[ 269.8733, 255.41225 ]
[ 302.90952, 270.51736 ]
[ 336.4132, 286.19727 ]
[ 371.57214, 302.22696 ]
[ 407.87497, 318.3761 ]
[ 446.52057, 335.77887 ]
[ 166.93341, 248.42105 ]
[ 195.67715, 262.39145 ]
[ 225.48468, 276.7901 ]
[ 256.58188, 291.8321 ]
[ 289.1098, 307.40192 ]
[ 322.2223, 323.41214 ]
[ 356.72235, 339.66504 ]
[ 393.23495, 357.10388 ]
[ 430.65625, 374.7433 ]
[ 154.7066, 282.6975 ]
[ 183.61792, 296.9868 ]
[ 212.75716, 311.9127 ]
[ 243.47417, 327.37976 ]
[ 275.48837, 343.92645 ]
[ 308.2219, 360.17236 ]
[ 342.55603, 377.46375 ]
[ 377.9295, 394.87677 ]
[ 415.2738, 413.9298 ]
]

--------------------------------------------------image21.jpg = 

 [[ 187.74121, 45.0058 ]
[ 219.88458, 56.838745 ]
[ 252.74007, 69.048355 ]
[ 287.3022, 81.73613 ]
[ 322.74368, 94.94743 ]
[ 359.69775, 108.994156 ]
[ 399.19135, 123.67039 ]
[ 439.466, 138.65189 ]
[ 482.73508, 154.77461 ]
[ 174.66096, 83.74031 ]
[ 206.20781, 96.34067 ]
[ 238.82515, 109.28788 ]
[ 271.5342, 122.34413 ]
[ 306.61957, 136.5766 ]
[ 343.13596, 151.47375 ]
[ 381.59448, 166.99733 ]
[ 422.09888, 183.15685 ]
[ 464.39682, 199.88461 ]
[ 161.6829, 122.183685 ]
[ 192.83554, 135.4479 ]
[ 224.01122, 148.67761 ]
[ 256.83334, 162.71707 ]
[ 292.09607, 177.90294 ]
[ 327.13315, 193.37383 ]
[ 365.5083, 209.5044 ]
[ 404.77786, 226.28941 ]
[ 446.77298, 244.06972 ]
[ 148.94612, 159.79144 ]
[ 179.39644, 173.63353 ]
[ 209.98564, 187.84467 ]
[ 242.19524, 202.5345 ]
[ 277.21643, 218.36037 ]
[ 311.9301, 234.4408 ]
[ 349.33286, 251.39601 ]
[ 387.99094, 268.94073 ]
[ 428.85007, 287.44287 ]
[ 136.17699, 196.75674 ]
[ 166.03777, 211.38452 ]
[ 196.19667, 226.13164 ]
[ 228.49492, 241.84512 ]
[ 262.38568, 258.262 ]
[ 296.87418, 275.40262 ]
[ 333.49045, 292.85867 ]
[ 371.22195, 311.11194 ]
[ 412.06342, 330.45035 ]
[ 123.60351, 233.5434 ]
[ 152.76941, 248.51933 ]
[ 182.95589, 264.37833 ]
[ 214.5966, 280.6415 ]
[ 247.7772, 297.5413 ]
[ 281.80304, 315.16586 ]
[ 317.45688, 333.41025 ]
[ 355.51334, 352.4047 ]
[ 394.5098, 372.55768 ]
[ 111.0992, 269.61353 ]
[ 140.23808, 285.5029 ]
[ 169.71976, 301.5326 ]
[ 200.87561, 318.62683 ]
[ 233.56601, 336.44138 ]
[ 266.9283, 354.71683 ]
[ 302.5442, 373.56165 ]
[ 339.20654, 393.39142 ]
[ 377.89856, 414.30936 ]
]

--------------------------------------------------image22.jpg = 

 [[ 122.356186, 221.55658 ]
[ 148.59937, 203.42006 ]
[ 175.64522, 184.63531 ]
[ 203.74396, 165.22626 ]
[ 232.62802, 145.14833 ]
[ 262.8595, 124.788635 ]
[ 294.89084, 102.93837 ]
[ 327.52737, 80.596695 ]
[ 362.4329, 56.703262 ]
[ 130.81314, 253.88818 ]
[ 157.77414, 236.07385 ]
[ 185.79643, 217.68182 ]
[ 213.3614, 198.30197 ]
[ 243.38297, 178.73962 ]
[ 274.5166, 158.68413 ]
[ 307.5736, 137.45337 ]
[ 341.75403, 115.2736 ]
[ 377.40588, 91.73128 ]
[ 139.94977, 287.7296 ]
[ 167.7235, 270.2086 ]
[ 195.34816, 251.95029 ]
[ 224.28215, 232.9395 ]
[ 255.85963, 214.12613 ]
[ 287.27615, 194.37067 ]
[ 321.36423, 173.14983 ]
[ 356.23236, 151.2562 ]
[ 393.16507, 127.74794 ]
[ 149.23253, 322.67694 ]
[ 177.5116, 305.5088 ]
[ 205.76956, 287.67807 ]
[ 235.56927, 268.93756 ]
[ 268.44904, 250.62988 ]
[ 300.70108, 230.87286 ]
[ 335.55612, 210.42683 ]
[ 371.31454, 188.51163 ]
[ 409.32208, 165.61781 ]
[ 158.54567, 358.96732 ]
[ 187.51952, 342.04337 ]
[ 216.53146, 324.68213 ]
[ 248.01698, 306.5298 ]
[ 281.2401, 288.52344 ]
[ 315.15717, 269.55603 ]
[ 350.4337, 249.04907 ]
[ 387.21143, 227.66376 ]
[ 426.5331, 205.23784 ]
[ 168.54668, 396.78787 ]
[ 198.05988, 380.40613 ]
[ 228.46736, 363.51785 ]
[ 260.5153, 345.76154 ]
[ 294.6718, 328.1503 ]
[ 329.25525, 309.25592 ]
[ 365.51447, 289.2114 ]
[ 404.1686, 268.4065 ]
[ 443.8987, 246.01471 ]
[ 178.59547, 436.12955 ]
[ 209.35243, 420.18604 ]
[ 240.57463, 403.8021 ]
[ 273.58728, 386.7507 ]
[ 308.5801, 369.3397 ]
[ 344.19516, 350.94534 ]
[ 382.1351, 331.4306 ]
[ 421.22638, 310.956 ]
[ 462.70627, 289.3259 ]
]

--------------------------------------------------image23.jpg = 

 [[ 143.48822, 203.44609 ]
[ 173.70709, 189.09283 ]
[ 204.45332, 174.31294 ]
[ 236.3326, 159.16455 ]
[ 268.78998, 143.58377 ]
[ 302.39642, 128.18622 ]
[ 337.56363, 111.615486 ]
[ 373.2959, 94.82402 ]
[ 411.02908, 77.18599 ]
[ 151.67674, 237.21225 ]
[ 182.39983, 223.11383 ]
[ 213.76422, 208.75475 ]
[ 245.26686, 193.6125 ]
[ 278.64252, 178.77304 ]
[ 313.017, 163.6739 ]
[ 348.90076, 147.69017 ]
[ 385.85992, 131.25632 ]
[ 424.1718, 113.76101 ]
[ 160.36935, 271.97696 ]
[ 191.61958, 258.27252 ]
[ 222.71387, 244.10533 ]
[ 255.35826, 229.52199 ]
[ 289.8559, 215.33496 ]
[ 324.36108, 200.3548 ]
[ 361.15738, 184.62993 ]
[ 398.4551, 168.42584 ]
[ 437.716, 151.37161 ]
[ 168.92532, 307.5546 ]
[ 200.67793, 294.28113 ]
[ 232.49635, 280.54242 ]
[ 265.62607, 266.3706 ]
[ 300.9927, 252.51686 ]
[ 336.3201, 237.85956 ]
[ 373.5062, 222.62073 ]
[ 411.59732, 206.59782 ]
[ 451.46808, 189.93935 ]
[ 177.61615, 344.2546 ]
[ 209.89513, 331.20383 ]
[ 242.3416, 317.86642 ]
[ 276.64575, 304.30493 ]
[ 312.42163, 290.77353 ]
[ 348.7208, 276.80612 ]
[ 386.37155, 261.6845 ]
[ 425.20218, 246.2663 ]
[ 466.15677, 230.05411 ]
[ 186.75925, 381.84256 ]
[ 219.4325, 369.34784 ]
[ 252.94804, 356.54376 ]
[ 287.76898, 343.49167 ]
[ 324.16684, 330.35635 ]
[ 361.10107, 316.4497 ]
[ 399.39066, 301.72714 ]
[ 439.48505, 286.76614 ]
[ 480.65836, 270.76163 ]
[ 195.94391, 420.6828 ]
[ 229.55026, 408.58304 ]
[ 263.52545, 396.3982 ]
[ 299.2672, 383.64725 ]
[ 336.31317, 370.93857 ]
[ 373.7521, 357.57593 ]
[ 413.46375, 343.4303 ]
[ 453.6643, 328.71286 ]
[ 496.43277, 313.49316 ]
]

--------------------------------------------------image24.jpg = 

 [[ 144.40157, 73.95018 ]
[ 183.67091, 92.76664 ]
[ 220.17711, 110.33648 ]
[ 254.81178, 126.77064 ]
[ 287.46082, 142.53734 ]
[ 317.88678, 157.57657 ]
[ 347.69098, 172.20778 ]
[ 375.6231, 185.67734 ]
[ 402.62833, 198.98367 ]
[ 134.18779, 112.813416 ]
[ 174.07912, 130.96877 ]
[ 211.49086, 147.63686 ]
[ 247.57642, 163.14041 ]
[ 280.8319, 178.43002 ]
[ 311.7631, 192.89528 ]
[ 341.82745, 206.72493 ]
[ 370.33957, 219.90302 ]
[ 397.85455, 232.41135 ]
[ 123.1526, 153.5762 ]
[ 164.29, 170.50667 ]
[ 202.75009, 186.25722 ]
[ 239.53693, 201.03157 ]
[ 272.57053, 215.76498 ]
[ 304.95248, 229.52122 ]
[ 335.5858, 242.57507 ]
[ 364.70844, 254.81512 ]
[ 393.1352, 266.6953 ]
[ 111.72569, 195.35504 ]
[ 153.87378, 211.52737 ]
[ 193.64299, 226.28596 ]
[ 231.35295, 240.37076 ]
[ 264.78516, 254.41946 ]
[ 297.9454, 267.13852 ]
[ 329.1187, 279.4704 ]
[ 359.39514, 290.86615 ]
[ 387.766, 301.84094 ]
[ 99.72677, 238.64291 ]
[ 143.4208, 253.57729 ]
[ 184.23161, 267.5336 ]
[ 222.38696, 280.938 ]
[ 256.95068, 294.06528 ]
[ 290.34973, 306.39136 ]
[ 322.7614, 317.5415 ]
[ 353.4018, 328.2339 ]
[ 382.55777, 338.52676 ]
[ 87.20008, 283.84705 ]
[ 132.07126, 297.7314 ]
[ 173.76974, 310.78098 ]
[ 213.08664, 323.3898 ]
[ 248.67885, 335.32996 ]
[ 283.40558, 346.34818 ]
[ 316.38077, 356.6672 ]
[ 347.2992, 366.59558 ]
[ 377.65894, 375.9296 ]
[ 73.996475, 330.77313 ]
[ 120.184525, 343.62845 ]
[ 162.50269, 355.45334 ]
[ 202.82182, 366.8067 ]
[ 240.45001, 378.11404 ]
[ 275.55173, 388.08908 ]
[ 309.3142, 397.48605 ]
[ 341.32477, 406.3722 ]
[ 372.32495, 414.95218 ]
]

--------------------------------------------------image25.jpg = 

 [[ 198.04256, 78.72037 ]
[ 235.00882, 92.77632 ]
[ 270.26364, 106.29743 ]
[ 304.69412, 119.305244 ]
[ 337.79498, 132.07158 ]
[ 369.72162, 144.50362 ]
[ 401.45288, 156.90643 ]
[ 431.8225, 168.53879 ]
[ 461.77304, 180.38829 ]
[ 187.38838, 114.701004 ]
[ 224.46837, 128.46838 ]
[ 260.4034, 141.43648 ]
[ 295.51013, 153.83705 ]
[ 329.07693, 166.54085 ]
[ 361.2615, 178.71062 ]
[ 392.99677, 190.59619 ]
[ 423.89148, 202.27504 ]
[ 454.27472, 213.37431 ]
[ 176.13747, 151.73416 ]
[ 214.01819, 164.77357 ]
[ 250.27118, 177.38045 ]
[ 285.85754, 189.51231 ]
[ 319.29953, 201.83781 ]
[ 352.21567, 213.59279 ]
[ 384.46738, 224.99928 ]
[ 415.7065, 235.78546 ]
[ 446.61472, 246.823 ]
[ 164.85666, 189.1282 ]
[ 203.09761, 201.98459 ]
[ 240.1683, 213.74454 ]
[ 276.16248, 225.71138 ]
[ 309.7244, 237.64381 ]
[ 343.2699, 248.9938 ]
[ 375.671, 259.80582 ]
[ 407.61578, 270.46225 ]
[ 438.6761, 280.67508 ]
[ 153.07185, 227.25293 ]
[ 192.19504, 239.3347 ]
[ 229.53346, 251.14594 ]
[ 266.01355, 262.53668 ]
[ 300.26422, 274.20596 ]
[ 333.74844, 285.17838 ]
[ 367.181, 295.57388 ]
[ 399.2646, 305.56616 ]
[ 430.70215, 315.60303 ]
[ 141.45453, 266.245 ]
[ 180.68925, 277.91547 ]
[ 218.75438, 289.23914 ]
[ 255.53728, 300.43115 ]
[ 290.366, 311.3014 ]
[ 324.761, 321.52902 ]
[ 358.41113, 331.57385 ]
[ 390.719, 341.2841 ]
[ 423.12253, 350.6581 ]
[ 129.12549, 305.78314 ]
[ 169.28998, 317.05844 ]
[ 207.36423, 327.94873 ]
[ 244.64977, 338.44876 ]
[ 280.5247, 349.12723 ]
[ 315.37393, 358.94193 ]
[ 349.27563, 368.50726 ]
[ 382.2839, 377.6175 ]
[ 414.87506, 386.75015 ]
]

--------------------------------------------------image26.jpg = 

 [[ 166.03001, 147.51375 ]
[ 200.53494, 148.35097 ]
[ 234.21495, 148.934 ]
[ 268.35632, 149.65434 ]
[ 301.87128, 150.49295 ]
[ 335.25357, 151.55162 ]
[ 369.35605, 152.52328 ]
[ 402.60275, 153.3762 ]
[ 436.59848, 154.36664 ]
[ 165.05623, 180.91158 ]
[ 199.14056, 181.675 ]
[ 233.46635, 182.55031 ]
[ 267.13147, 182.93825 ]
[ 301.18585, 184.0139 ]
[ 334.61902, 185.2817 ]
[ 368.55106, 186.1547 ]
[ 402.6205, 187.16 ]
[ 436.48883, 187.79124 ]
[ 163.62057, 215.03038 ]
[ 198.3822, 215.66708 ]
[ 232.17082, 216.34314 ]
[ 266.4376, 216.8864 ]
[ 300.4537, 218.20598 ]
[ 333.9839, 219.06114 ]
[ 368.25262, 219.92679 ]
[ 402.13074, 220.63345 ]
[ 436.54443, 221.54541 ]
[ 162.58331, 249.09323 ]
[ 197.02362, 249.77716 ]
[ 231.42955, 250.49966 ]
[ 265.56357, 251.24835 ]
[ 299.7408, 252.2991 ]
[ 333.5521, 253.25058 ]
[ 367.63336, 254.01686 ]
[ 401.95758, 254.68526 ]
[ 436.22272, 255.4768 ]
[ 161.11041, 283.52704 ]
[ 196.04335, 284.30518 ]
[ 230.19556, 285.02893 ]
[ 264.9298, 285.61972 ]
[ 299.06918, 286.82327 ]
[ 333.09122, 287.74426 ]
[ 367.4552, 288.544 ]
[ 401.6341, 289.17603 ]
[ 436.20776, 289.8045 ]
[ 159.82605, 318.38348 ]
[ 194.57684, 319.18304 ]
[ 229.39789, 319.7219 ]
[ 263.8799, 320.60248 ]
[ 298.30682, 321.58487 ]
[ 332.52405, 322.41577 ]
[ 367.01114, 322.99448 ]
[ 401.5573, 323.70856 ]
[ 436.15546, 324.37753 ]
[ 158.43225, 353.52994 ]
[ 193.62314, 354.06488 ]
[ 227.91692, 354.8031 ]
[ 262.96487, 355.62866 ]
[ 297.70508, 356.7571 ]
[ 331.98703, 357.48138 ]
[ 366.68146, 358.15738 ]
[ 401.2375, 358.59076 ]
[ 436.24698, 359.4404 ]
]

--------------------------------------------------image3.jpg = 

 [[ 204.51314, 95.15216 ]
[ 250.66367, 104.28775 ]
[ 293.48212, 112.61827 ]
[ 333.84787, 120.649055 ]
[ 371.7355, 128.33142 ]
[ 407.13156, 135.77016 ]
[ 441.29156, 142.77533 ]
[ 473.28555, 149.36589 ]
[ 504.23767, 155.66702 ]
[ 203.34244, 144.23874 ]
[ 249.679, 151.97083 ]
[ 292.98636, 159.14197 ]
[ 334.71033, 165.41467 ]
[ 372.8439, 172.26619 ]
[ 407.86212, 178.80562 ]
[ 442.06104, 184.75876 ]
[ 474.62646, 190.42323 ]
[ 505.96368, 195.49416 ]
[ 201.73752, 194.82137 ]
[ 248.76465, 200.9543 ]
[ 293.16885, 206.45389 ]
[ 334.87933, 211.61261 ]
[ 372.33618, 217.45825 ]
[ 409.02393, 222.4718 ]
[ 443.1832, 227.32544 ]
[ 476.04535, 231.52823 ]
[ 507.5607, 235.73874 ]
[ 200.31921, 246.35225 ]
[ 248.09724, 250.80417 ]
[ 292.93964, 254.91216 ]
[ 335.3653, 258.84265 ]
[ 372.6973, 263.31747 ]
[ 409.63065, 267.11395 ]
[ 444.16937, 270.56366 ]
[ 477.70908, 273.66556 ]
[ 509.0534, 276.6942 ]
[ 198.66373, 298.7947 ]
[ 247.28465, 301.63257 ]
[ 292.692, 304.3629 ]
[ 335.0541, 306.97574 ]
[ 373.3085, 310.19498 ]
[ 409.95587, 312.70975 ]
[ 445.64554, 314.79526 ]
[ 479.06192, 316.68933 ]
[ 510.70587, 318.7494 ]
[ 197.14693, 352.77118 ]
[ 246.27, 354.09564 ]
[ 291.8724, 355.34683 ]
[ 334.92636, 356.44055 ]
[ 373.6108, 357.73727 ]
[ 411.35504, 358.83954 ]
[ 447.12494, 359.6239 ]
[ 480.30273, 360.52557 ]
[ 513.3925, 361.32297 ]
[ 195.4717, 408.10077 ]
[ 245.04266, 407.4772 ]
[ 290.66122, 407.06836 ]
[ 334.167, 406.65494 ]
[ 374.51492, 406.75427 ]
[ 412.33533, 406.4451 ]
[ 448.24213, 405.84106 ]
[ 482.43103, 405.47452 ]
[ 515.7125, 405.28784 ]
]

--------------------------------------------------image31.jpg = 

 [[ 255.75052, 103.33345 ]
[ 299.27908, 108.02806 ]
[ 339.53876, 112.34482 ]
[ 377.65063, 116.46482 ]
[ 413.52777, 120.41505 ]
[ 447.0091, 124.3976 ]
[ 479.4501, 128.12556 ]
[ 509.9307, 131.46782 ]
[ 539.29346, 134.7931 ]
[ 255.29828, 153.00082 ]
[ 298.52487, 156.21565 ]
[ 338.8114, 159.11665 ]
[ 378.0204, 161.76077 ]
[ 413.6726, 164.71724 ]
[ 447.0554, 167.70808 ]
[ 479.05975, 170.14441 ]
[ 509.41364, 172.588 ]
[ 538.7219, 174.69719 ]
[ 254.48466, 202.84442 ]
[ 297.7974, 204.46652 ]
[ 338.82233, 205.97644 ]
[ 377.53763, 207.45914 ]
[ 412.27908, 209.14986 ]
[ 446.2838, 210.76912 ]
[ 478.32578, 212.13947 ]
[ 508.77426, 213.27666 ]
[ 538.3777, 214.47467 ]
[ 253.77231, 252.55289 ]
[ 297.41418, 252.76347 ]
[ 338.4933, 252.85591 ]
[ 377.47922, 253.17798 ]
[ 411.6603, 253.47488 ]
[ 445.77063, 253.98471 ]
[ 477.52127, 254.03435 ]
[ 508.63055, 254.21722 ]
[ 537.7459, 254.17937 ]
[ 253.0833, 302.31784 ]
[ 296.79114, 301.0541 ]
[ 338.17343, 299.8541 ]
[ 376.41876, 298.6729 ]
[ 411.3561, 297.955 ]
[ 444.7438, 297.19507 ]
[ 477.47296, 296.193 ]
[ 508.16342, 295.00134 ]
[ 537.39856, 294.0163 ]
[ 252.54556, 352.20068 ]
[ 296.31967, 349.47537 ]
[ 337.175, 346.98938 ]
[ 375.6893, 344.50043 ]
[ 410.69492, 342.29373 ]
[ 444.8465, 340.32977 ]
[ 477.24136, 337.88528 ]
[ 507.6243, 335.73083 ]
[ 537.6693, 333.87604 ]
[ 251.8468, 402.1599 ]
[ 295.49942, 397.81622 ]
[ 335.893, 393.8873 ]
[ 374.54242, 390.13345 ]
[ 410.57483, 386.7656 ]
[ 444.4065, 383.51404 ]
[ 476.77203, 380.0833 ]
[ 507.6131, 376.81458 ]
[ 537.7109, 374.09152 ]
]

--------------------------------------------------image32.jpg = 

 [[ 165.78395, 172.4015 ]
[ 203.63228, 174.33748 ]
[ 240.778, 176.19293 ]
[ 278.16263, 178.1359 ]
[ 314.90533, 180.12929 ]
[ 351.41092, 182.17598 ]
[ 388.4608, 184.27048 ]
[ 424.74426, 186.32674 ]
[ 461.6391, 188.38698 ]
[ 166.00093, 208.19243 ]
[ 203.16469, 209.86795 ]
[ 239.874, 211.67209 ]
[ 276.47232, 213.9551 ]
[ 312.7813, 215.98312 ]
[ 348.72656, 218.11588 ]
[ 385.14075, 219.78354 ]
[ 421.36267, 221.7374 ]
[ 457.533, 223.52075 ]
[ 166.17313, 242.72913 ]
[ 202.89868, 244.67026 ]
[ 238.88068, 246.6874 ]
[ 274.8543, 248.67209 ]
[ 310.65756, 250.25554 ]
[ 346.17996, 252.4414 ]
[ 382.21948, 254.21773 ]
[ 417.6486, 255.62502 ]
[ 453.62518, 257.62085 ]
[ 166.41173, 276.4887 ]
[ 202.49069, 278.3399 ]
[ 238.09384, 280.43884 ]
[ 273.60486, 282.4955 ]
[ 308.82382, 283.7126 ]
[ 343.80222, 285.74478 ]
[ 379.1181, 287.24985 ]
[ 414.37778, 289.20966 ]
[ 449.57916, 290.55798 ]
[ 166.31847, 309.35956 ]
[ 202.07199, 311.25812 ]
[ 236.98326, 313.3295 ]
[ 272.41403, 314.8535 ]
[ 307.1255, 316.48926 ]
[ 341.5408, 318.2246 ]
[ 376.48724, 319.76184 ]
[ 410.9379, 321.40765 ]
[ 445.80792, 322.9299 ]
[ 166.49716, 341.30908 ]
[ 201.47389, 343.2146 ]
[ 236.32358, 344.826 ]
[ 270.98148, 346.7165 ]
[ 305.33267, 348.0499 ]
[ 339.44226, 349.6541 ]
[ 373.70007, 351.35046 ]
[ 407.88953, 352.5882 ]
[ 442.3512, 354.43497 ]
[ 166.48312, 372.46167 ]
[ 201.31192, 373.92325 ]
[ 235.22469, 375.67728 ]
[ 269.50458, 377.38586 ]
[ 303.55884, 378.8745 ]
[ 337.2401, 380.52322 ]
[ 371.18066, 381.85504 ]
[ 404.7379, 383.39914 ]
[ 438.82428, 385.16235 ]
]

--------------------------------------------------image33.jpg = 

 [[ 167.94656, 132.50713 ]
[ 208.4922, 135.30737 ]
[ 248.36415, 138.13377 ]
[ 288.44504, 140.73811 ]
[ 328.14645, 143.67549 ]
[ 367.41373, 146.50221 ]
[ 407.5339, 149.43886 ]
[ 446.83783, 152.25526 ]
[ 487.0394, 155.16158 ]
[ 169.34317, 168.41338 ]
[ 208.7164, 171.27107 ]
[ 247.7086, 173.7322 ]
[ 286.5332, 177.246 ]
[ 325.30643, 180.04114 ]
[ 363.61063, 182.90123 ]
[ 402.5142, 185.41368 ]
[ 441.38486, 187.95409 ]
[ 480.38297, 190.54573 ]
[ 170.61653, 202.64413 ]
[ 209.22263, 205.42664 ]
[ 246.77167, 208.4127 ]
[ 284.92023, 211.44315 ]
[ 322.60587, 213.58742 ]
[ 360.11273, 216.55061 ]
[ 398.24475, 219.05783 ]
[ 435.86404, 221.40564 ]
[ 474.19467, 224.1488 ]
[ 171.96802, 235.4818 ]
[ 209.4054, 238.12404 ]
[ 246.32744, 241.25346 ]
[ 283.4566, 244.22957 ]
[ 320.33096, 245.8122 ]
[ 356.84692, 248.83356 ]
[ 393.86835, 250.85158 ]
[ 430.8685, 253.68723 ]
[ 468.0866, 255.92296 ]
[ 172.88701, 266.43192 ]
[ 209.618, 269.2728 ]
[ 245.60054, 272.3325 ]
[ 282.0788, 274.7519 ]
[ 318.15775, 276.85007 ]
[ 353.7618, 279.40332 ]
[ 390.0469, 281.85437 ]
[ 425.9745, 284.3054 ]
[ 462.41394, 286.54773 ]
[ 174.15958, 296.2706 ]
[ 209.67702, 298.93134 ]
[ 245.18274, 301.5553 ]
[ 280.63596, 304.35666 ]
[ 315.82748, 306.25143 ]
[ 350.88168, 308.81525 ]
[ 386.26895, 311.28845 ]
[ 421.51465, 313.38934 ]
[ 457.1446, 316.04736 ]
[ 175.13077, 324.4697 ]
[ 210.28491, 326.92444 ]
[ 244.41536, 329.6328 ]
[ 279.17194, 332.26166 ]
[ 313.78128, 334.5498 ]
[ 348.07434, 336.97305 ]
[ 382.59702, 339.20615 ]
[ 417.0808, 341.36646 ]
[ 451.93817, 343.86005 ]
]

--------------------------------------------------image34.jpg = 

 [[ 126.57934, 190.54839 ]
[ 159.5152, 180.5825 ]
[ 192.81766, 170.48546 ]
[ 226.86899, 160.17029 ]
[ 261.5795, 149.6043 ]
[ 296.89127, 139.34134 ]
[ 333.7008, 128.31187 ]
[ 370.81827, 117.31895 ]
[ 409.5588, 105.75743 ]
[ 133.41666, 225.75838 ]
[ 166.56935, 216.27667 ]
[ 200.41385, 206.4527 ]
[ 234.0599, 196.19235 ]
[ 269.27823, 186.35257 ]
[ 305.02335, 176.53885 ]
[ 342.2488, 165.91313 ]
[ 380.29105, 155.34473 ]
[ 419.18512, 144.0065 ]
[ 140.42761, 261.7843 ]
[ 174.07376, 252.55486 ]
[ 207.36058, 242.88625 ]
[ 241.89989, 233.31628 ]
[ 277.72327, 224.01816 ]
[ 313.57303, 214.29677 ]
[ 351.32416, 204.08977 ]
[ 389.34955, 193.49333 ]
[ 428.89093, 182.64655 ]
[ 147.4737, 298.19574 ]
[ 181.22096, 289.23386 ]
[ 215.1239, 280.13083 ]
[ 249.78207, 270.70486 ]
[ 286.198, 261.76462 ]
[ 322.491, 252.49799 ]
[ 360.31458, 242.53886 ]
[ 398.74246, 232.44453 ]
[ 438.54453, 221.87744 ]
[ 154.33609, 335.15482 ]
[ 188.51091, 326.51288 ]
[ 222.55714, 317.7496 ]
[ 258.20764, 308.89212 ]
[ 294.61835, 300.3413 ]
[ 331.63214, 291.57092 ]
[ 369.6199, 281.8762 ]
[ 408.33328, 271.95908 ]
[ 448.81543, 262.09103 ]
[ 161.59056, 372.64886 ]
[ 195.848, 364.453 ]
[ 230.67616, 356.22946 ]
[ 266.49268, 347.65234 ]
[ 303.33044, 339.44302 ]
[ 340.5001, 330.6302 ]
[ 378.73392, 321.45163 ]
[ 418.4395, 312.21576 ]
[ 458.8228, 302.39484 ]
[ 168.65425, 410.79465 ]
[ 203.61116, 402.94705 ]
[ 238.51242, 395.1019 ]
[ 274.7981, 387.05847 ]
[ 312.24265, 379.11896 ]
[ 349.63724, 370.75967 ]
[ 388.63687, 362.02646 ]
[ 428.25476, 352.90558 ]
[ 469.43326, 343.71777 ]
]

--------------------------------------------------image35.jpg = 

 [[ 191.38393, 123.39305 ]
[ 225.08592, 123.63244 ]
[ 258.31403, 123.85054 ]
[ 291.83414, 124.243774 ]
[ 325.11206, 124.54706 ]
[ 358.33, 125.17676 ]
[ 392.35645, 125.595276 ]
[ 425.82492, 125.91577 ]
[ 460.09055, 126.54642 ]
[ 190.43105, 156.39914 ]
[ 223.89513, 156.63167 ]
[ 257.5364, 157.14125 ]
[ 290.77573, 157.07228 ]
[ 324.4706, 157.71 ]
[ 357.7819, 158.5422 ]
[ 391.7411, 158.97383 ]
[ 425.72217, 159.69064 ]
[ 460.0926, 159.99623 ]
[ 189.22708, 189.76253 ]
[ 223.13202, 190.24442 ]
[ 256.4331, 190.38036 ]
[ 290.2073, 190.66551 ]
[ 323.76727, 191.56429 ]
[ 357.27176, 192.24588 ]
[ 391.4625, 192.70483 ]
[ 425.47876, 193.23552 ]
[ 460.0744, 193.57405 ]
[ 188.21198, 223.42091 ]
[ 221.99417, 223.73424 ]
[ 255.57353, 224.24673 ]
[ 289.4944, 224.48413 ]
[ 323.26688, 225.41452 ]
[ 356.89435, 226.06956 ]
[ 391.09933, 226.55766 ]
[ 425.37927, 227.09805 ]
[ 459.84662, 227.51143 ]
[ 186.87482, 257.18674 ]
[ 220.9621, 257.65085 ]
[ 254.55841, 258.11523 ]
[ 288.78162, 258.6121 ]
[ 322.67966, 259.62265 ]
[ 356.5233, 260.4754 ]
[ 390.83902, 260.9076 ]
[ 425.18872, 261.32245 ]
[ 459.98746, 261.8663 ]
[ 185.80649, 291.37997 ]
[ 219.74997, 291.9207 ]
[ 253.88524, 292.54822 ]
[ 288.11996, 293.2612 ]
[ 322.08093, 294.20123 ]
[ 356.2919, 294.73282 ]
[ 390.59082, 295.25232 ]
[ 425.20105, 295.71066 ]
[ 460.06323, 296.28586 ]
[ 184.51361, 325.7347 ]
[ 218.98581, 326.46417 ]
[ 252.68436, 327.247 ]
[ 287.16055, 327.82193 ]
[ 321.6073, 328.76706 ]
[ 355.6862, 329.59875 ]
[ 390.45667, 330.11557 ]
[ 424.9886, 330.54898 ]
[ 460.2629, 331.19437 ]
]

--------------------------------------------------image36.jpg = 

 [[ 173.54767, 91.62902 ]
[ 210.7686, 92.32755 ]
[ 247.47551, 92.77607 ]
[ 284.47098, 93.51474 ]
[ 321.1669, 94.06741 ]
[ 357.76126, 95.03036 ]
[ 395.10233, 95.69413 ]
[ 431.89203, 96.42651 ]
[ 469.4813, 97.2708 ]
[ 171.63728, 127.19049 ]
[ 209.06671, 127.80512 ]
[ 246.2503, 128.5212 ]
[ 283.181, 128.65028 ]
[ 320.31326, 129.6341 ]
[ 357.05832, 130.68134 ]
[ 394.54123, 131.55125 ]
[ 432.02014, 132.50407 ]
[ 469.7123, 133.17534 ]
[ 169.62589, 163.48984 ]
[ 207.46173, 164.22824 ]
[ 244.51976, 164.52423 ]
[ 281.93274, 164.9935 ]
[ 319.34958, 166.34975 ]
[ 356.41205, 167.28563 ]
[ 394.31174, 168.02405 ]
[ 431.93896, 168.6989 ]
[ 470.23483, 169.49594 ]
[ 167.73346, 200.23148 ]
[ 205.58194, 200.75142 ]
[ 243.1283, 201.36891 ]
[ 280.80374, 201.77411 ]
[ 318.48804, 203.30768 ]
[ 355.8776, 204.15332 ]
[ 393.94986, 204.82649 ]
[ 432.0001, 205.57896 ]
[ 470.39276, 206.30649 ]
[ 165.46951, 237.35175 ]
[ 203.698, 238.09941 ]
[ 241.50809, 238.54573 ]
[ 279.67838, 239.42378 ]
[ 317.6305, 240.6864 ]
[ 355.47403, 241.80818 ]
[ 393.743, 242.63362 ]
[ 432.0229, 243.2718 ]
[ 470.79486, 243.9435 ]
[ 163.45647, 275.31726 ]
[ 201.74608, 276.00104 ]
[ 240.13731, 276.88266 ]
[ 278.50775, 277.63733 ]
[ 316.65363, 278.87833 ]
[ 355.05225, 279.8575 ]
[ 393.56052, 280.53806 ]
[ 432.25452, 281.38232 ]
[ 471.35577, 281.9048 ]
[ 161.2164, 313.73767 ]
[ 200.229, 314.60574 ]
[ 238.31091, 315.55875 ]
[ 277.1585, 316.4851 ]
[ 315.9854, 317.74756 ]
[ 354.43387, 318.6201 ]
[ 393.47363, 319.52905 ]
[ 432.31772, 320.20914 ]
[ 471.76373, 320.8632 ]
]

--------------------------------------------------image37.jpg = 

 [[ 173.55933, 91.623566 ]
[ 210.72101, 92.33829 ]
[ 247.47319, 92.7893 ]
[ 284.4453, 93.52456 ]
[ 321.22223, 94.104065 ]
[ 357.7802, 95.000656 ]
[ 395.0915, 95.72626 ]
[ 431.84128, 96.46268 ]
[ 469.49683, 97.23123 ]
[ 171.6618, 127.159805 ]
[ 209.08696, 127.78041 ]
[ 246.24225, 128.53755 ]
[ 283.12793, 128.61655 ]
[ 320.33328, 129.62393 ]
[ 356.9865, 130.68655 ]
[ 394.54376, 131.53261 ]
[ 432.104, 132.50198 ]
[ 469.69434, 133.19554 ]
[ 169.6364, 163.45718 ]
[ 207.4024, 164.21185 ]
[ 244.51897, 164.52733 ]
[ 281.9879, 164.93793 ]
[ 319.37833, 166.3491 ]
[ 356.39215, 167.30714 ]
[ 394.33093, 168.06201 ]
[ 431.91135, 168.66292 ]
[ 470.2422, 169.47403 ]
[ 167.71677, 200.2448 ]
[ 205.61111, 200.75024 ]
[ 243.1069, 201.37117 ]
[ 280.76935, 201.74738 ]
[ 318.47928, 203.31601 ]
[ 355.88226, 204.09196 ]
[ 393.92398, 204.82166 ]
[ 432.06857, 205.6091 ]
[ 470.40485, 206.34584 ]
[ 165.45084, 237.36703 ]
[ 203.73743, 238.12436 ]
[ 241.4906, 238.55815 ]
[ 279.69205, 239.40852 ]
[ 317.62634, 240.65976 ]
[ 355.47324, 241.83133 ]
[ 393.78036, 242.63252 ]
[ 432.11362, 243.2897 ]
[ 470.79297, 244.05997 ]
[ 163.45537, 275.3509 ]
[ 201.77974, 275.99722 ]
[ 240.07816, 276.87256 ]
[ 278.50568, 277.64087 ]
[ 316.64758, 278.8871 ]
[ 355.07767, 279.8922 ]
[ 393.5717, 280.52182 ]
[ 432.2381, 281.37024 ]
[ 471.3678, 281.91623 ]
[ 161.24017, 313.7292 ]
[ 200.23064, 314.602 ]
[ 238.30237, 315.58005 ]
[ 277.194, 316.4795 ]
[ 316.04367, 317.76428 ]
[ 354.50388, 318.63614 ]
[ 393.46207, 319.52936 ]
[ 432.32126, 320.2463 ]
[ 471.78625, 320.821 ]
]

--------------------------------------------------image38.jpg = 

 [[ 173.518, 91.6038 ]
[ 210.75414, 92.30413 ]
[ 247.45929, 92.760124 ]
[ 284.4644, 93.54119 ]
[ 321.18063, 94.026474 ]
[ 357.74048, 94.992 ]
[ 395.028, 95.707726 ]
[ 431.85425, 96.44958 ]
[ 469.48834, 97.25733 ]
[ 171.63158, 127.20074 ]
[ 209.02818, 127.76758 ]
[ 246.24449, 128.54248 ]
[ 283.1592, 128.6535 ]
[ 320.3138, 129.6315 ]
[ 357.03232, 130.70815 ]
[ 394.5479, 131.52608 ]
[ 432.0617, 132.50523 ]
[ 469.72632, 133.20992 ]
[ 169.65388, 163.48827 ]
[ 207.46887, 164.25734 ]
[ 244.51584, 164.52986 ]
[ 281.93707, 164.9608 ]
[ 319.35776, 166.34666 ]
[ 356.41028, 167.34462 ]
[ 394.33456, 168.09433 ]
[ 431.9539, 168.64307 ]
[ 470.18414, 169.46814 ]
[ 167.68553, 200.24246 ]
[ 205.61426, 200.74385 ]
[ 243.0901, 201.39258 ]
[ 280.79095, 201.75764 ]
[ 318.4917, 203.33401 ]
[ 355.86765, 204.11455 ]
[ 393.96176, 204.83154 ]
[ 432.03302, 205.6131 ]
[ 470.4151, 206.33083 ]
[ 165.43872, 237.41904 ]
[ 203.79187, 238.14598 ]
[ 241.48557, 238.58244 ]
[ 279.69754, 239.40436 ]
[ 317.61166, 240.66957 ]
[ 355.47882, 241.82872 ]
[ 393.74216, 242.63312 ]
[ 432.07748, 243.31372 ]
[ 470.89597, 244.0925 ]
[ 163.45627, 275.3333 ]
[ 201.74792, 276.0193 ]
[ 240.07437, 276.8442 ]
[ 278.50745, 277.6402 ]
[ 316.65363, 278.91425 ]
[ 355.06485, 279.8477 ]
[ 393.53467, 280.52017 ]
[ 432.24545, 281.3725 ]
[ 471.38135, 281.9642 ]
[ 161.21211, 313.72397 ]
[ 200.2008, 314.6247 ]
[ 238.30412, 315.5752 ]
[ 277.1178, 316.49683 ]
[ 315.94153, 317.79855 ]
[ 354.45148, 318.64697 ]
[ 393.4764, 319.52338 ]
[ 432.32272, 320.23532 ]
[ 471.77722, 320.84814 ]
]

--------------------------------------------------image4.jpg = 

 [[ 136.42557, 133.6343 ]
[ 177.05373, 137.86272 ]
[ 215.0726, 141.80037 ]
[ 251.35689, 145.43027 ]
[ 285.7043, 149.14388 ]
[ 318.31406, 152.78578 ]
[ 350.1888, 156.34456 ]
[ 380.1034, 159.63649 ]
[ 409.3432, 162.82253 ]
[ 136.34785, 174.72981 ]
[ 177.02075, 178.09564 ]
[ 215.22571, 180.86218 ]
[ 252.21979, 183.58218 ]
[ 286.6587, 186.56462 ]
[ 319.12604, 189.78262 ]
[ 350.65054, 192.5154 ]
[ 381.21268, 195.09846 ]
[ 410.5446, 197.40671 ]
[ 136.10402, 216.70242 ]
[ 177.13722, 218.79044 ]
[ 215.56706, 220.7492 ]
[ 252.72426, 222.49619 ]
[ 286.59695, 224.8403 ]
[ 319.95236, 226.83641 ]
[ 351.57175, 228.82716 ]
[ 382.22638, 230.44247 ]
[ 411.71902, 232.09138 ]
[ 135.8173, 258.7681 ]
[ 177.08656, 259.95322 ]
[ 216.12682, 260.95593 ]
[ 253.33353, 261.8438 ]
[ 287.3387, 263.36646 ]
[ 320.6269, 264.52518 ]
[ 352.3823, 265.492 ]
[ 383.41937, 266.36868 ]
[ 412.69806, 267.1033 ]
[ 135.38205, 301.45258 ]
[ 177.1198, 301.4664 ]
[ 216.35715, 301.52444 ]
[ 253.53235, 301.56924 ]
[ 287.7052, 302.20166 ]
[ 321.0787, 302.59836 ]
[ 353.56378, 302.60663 ]
[ 384.33252, 302.56754 ]
[ 413.85358, 302.6431 ]
[ 134.95866, 344.72104 ]
[ 176.85214, 343.6519 ]
[ 216.36598, 342.78284 ]
[ 253.79384, 342.07767 ]
[ 288.38983, 341.4554 ]
[ 322.20618, 340.75156 ]
[ 354.54865, 339.86697 ]
[ 385.25885, 339.2118 ]
[ 415.5777, 338.3597 ]
[ 134.51938, 388.59354 ]
[ 176.52773, 386.38474 ]
[ 215.74976, 384.55865 ]
[ 253.5509, 382.66632 ]
[ 289.23422, 381.34644 ]
[ 322.85046, 379.60892 ]
[ 355.40182, 377.82477 ]
[ 386.50372, 376.15915 ]
[ 416.9462, 374.61478 ]
]

--------------------------------------------------image5.jpg = 

 [[ 251.29619, 93.143585 ]
[ 289.6063, 101.449 ]
[ 324.49042, 108.86035 ]
[ 356.7603, 115.75989 ]
[ 386.69647, 122.48997 ]
[ 413.88864, 128.66386 ]
[ 440.10706, 134.6285 ]
[ 464.2476, 139.94856 ]
[ 487.11234, 145.27583 ]
[ 252.4668, 142.61723 ]
[ 290.75214, 148.92982 ]
[ 325.60654, 154.70764 ]
[ 359.4533, 159.66983 ]
[ 389.19846, 165.08952 ]
[ 415.85025, 170.21199 ]
[ 441.655, 174.62808 ]
[ 466.1576, 178.82237 ]
[ 489.2284, 182.60425 ]
[ 253.44589, 193.07211 ]
[ 291.93558, 197.30302 ]
[ 327.71967, 201.01334 ]
[ 361.19507, 204.51144 ]
[ 389.79587, 208.47629 ]
[ 418.0224, 211.74397 ]
[ 443.5412, 214.8954 ]
[ 468.1009, 217.6109 ]
[ 491.21716, 220.26285 ]
[ 254.48892, 243.72871 ]
[ 293.38184, 246.2055 ]
[ 329.57574, 247.91269 ]
[ 363.22705, 249.83557 ]
[ 391.38068, 252.07034 ]
[ 419.6629, 253.9457 ]
[ 445.27948, 255.46404 ]
[ 470.34912, 256.8071 ]
[ 493.1253, 258.1479 ]
[ 255.48212, 295.2238 ]
[ 294.74823, 295.38794 ]
[ 331.3939, 295.43573 ]
[ 364.37137, 295.5382 ]
[ 393.31775, 296.3634 ]
[ 420.86844, 296.6623 ]
[ 447.61084, 296.65057 ]
[ 472.1617, 296.60217 ]
[ 495.1099, 296.6265 ]
[ 256.56976, 347.46298 ]
[ 296.1839, 345.56366 ]
[ 332.40833, 343.69128 ]
[ 365.69272, 342.16614 ]
[ 394.8215, 340.78867 ]
[ 423.3872, 339.50266 ]
[ 449.77713, 338.0554 ]
[ 474.0127, 336.6274 ]
[ 498.0996, 335.3673 ]
[ 257.7485, 400.3314 ]
[ 297.28607, 396.12512 ]
[ 333.04877, 392.50882 ]
[ 366.4698, 388.9641 ]
[ 396.9966, 386.1993 ]
[ 425.2945, 383.12018 ]
[ 451.5658, 380.175 ]
[ 476.4906, 377.29248 ]
[ 500.53763, 374.6362 ]
]

--------------------------------------------------image6.jpg = 

 [[ 148.4579, 81.57085 ]
[ 192.92079, 91.9373 ]
[ 233.28079, 101.212845 ]
[ 270.667, 110.065735 ]
[ 305.34055, 118.14702 ]
[ 336.834, 125.8491 ]
[ 367.18054, 133.27269 ]
[ 395.09973, 139.82591 ]
[ 421.6565, 146.31262 ]
[ 148.53017, 131.59253 ]
[ 193.13365, 140.10057 ]
[ 233.5889, 147.67026 ]
[ 272.37488, 154.21016 ]
[ 306.95706, 161.23752 ]
[ 338.33102, 167.78595 ]
[ 368.36996, 173.7019 ]
[ 396.7462, 179.2641 ]
[ 423.50854, 184.28323 ]
[ 148.24011, 182.8602 ]
[ 193.25476, 189.24332 ]
[ 234.62262, 194.68874 ]
[ 273.41385, 199.81473 ]
[ 307.04773, 205.3807 ]
[ 339.76602, 210.22363 ]
[ 369.8177, 214.74068 ]
[ 398.3593, 218.63954 ]
[ 425.38284, 222.60025 ]
[ 147.93683, 234.68718 ]
[ 193.41795, 239.05211 ]
[ 235.50055, 242.58197 ]
[ 274.5169, 246.14597 ]
[ 308.03012, 250.13 ]
[ 340.8783, 253.34991 ]
[ 371.14987, 256.30707 ]
[ 400.33966, 258.89154 ]
[ 426.90323, 261.43787 ]
[ 147.48236, 287.50177 ]
[ 193.6176, 289.49442 ]
[ 236.1661, 291.33923 ]
[ 274.85434, 293.223 ]
[ 309.256, 295.50204 ]
[ 341.64505, 297.3774 ]
[ 372.9462, 298.6295 ]
[ 401.68753, 299.77936 ]
[ 428.65054, 301.08014 ]
[ 146.92125, 341.52188 ]
[ 193.60413, 341.3999 ]
[ 236.22864, 341.3375 ]
[ 275.46576, 341.3236 ]
[ 310.08365, 341.5207 ]
[ 343.51053, 341.51917 ]
[ 374.63837, 341.3486 ]
[ 403.2031, 341.18204 ]
[ 431.30975, 340.8384 ]
[ 146.34749, 396.61588 ]
[ 193.33572, 394.1796 ]
[ 235.71432, 391.8899 ]
[ 275.39572, 389.9559 ]
[ 306.0, 385.0 ]
[ 348.0, 381.0 ]
[ 375.98843, 385.0277 ]
[ 405.34906, 383.33612 ]
[ 433.4676, 381.7545 ]
]

--------------------------------------------------image8.jpg = 

 [[ 159.66809, 105.146 ]
[ 195.48238, 101.78918 ]
[ 232.48657, 98.29898 ]
[ 271.6456, 94.70158 ]
[ 312.5059, 90.93527 ]
[ 355.57538, 87.4119 ]
[ 401.72925, 83.43157 ]
[ 449.9362, 79.02993 ]
[ 502.17682, 74.36152 ]
[ 157.29794, 147.81125 ]
[ 193.14035, 145.55673 ]
[ 230.43994, 143.33943 ]
[ 268.51434, 140.4194 ]
[ 309.72388, 138.27109 ]
[ 353.1394, 136.23 ]
[ 399.54276, 133.55641 ]
[ 448.36548, 130.70268 ]
[ 500.42087, 127.41341 ]
[ 154.90329, 191.17323 ]
[ 190.97089, 189.87608 ]
[ 227.46078, 188.55888 ]
[ 266.2544, 187.04214 ]
[ 308.2735, 186.29523 ]
[ 351.02258, 185.31075 ]
[ 397.70093, 183.91187 ]
[ 446.50604, 182.38351 ]
[ 499.0644, 180.64856 ]
[ 152.43704, 234.60893 ]
[ 188.37273, 234.53928 ]
[ 224.8301, 234.37544 ]
[ 263.73468, 234.05833 ]
[ 306.26962, 234.55241 ]
[ 349.32968, 234.66864 ]
[ 396.0992, 234.6496 ]
[ 444.6929, 234.49702 ]
[ 497.46722, 234.35042 ]
[ 149.70616, 278.39685 ]
[ 185.59561, 279.39746 ]
[ 222.29518, 280.44452 ]
[ 261.9642, 281.51315 ]
[ 304.1441, 283.23932 ]
[ 347.80237, 285.08337 ]
[ 394.29636, 286.25787 ]
[ 443.2341, 287.48535 ]
[ 496.225, 288.92712 ]
[ 147.31824, 322.7157 ]
[ 182.94748, 324.76007 ]
[ 220.31468, 327.25012 ]
[ 259.8097, 329.61996 ]
[ 302.20114, 332.44357 ]
[ 345.6965, 335.25705 ]
[ 392.33536, 337.7952 ]
[ 442.17645, 340.73566 ]
[ 494.65756, 343.69122 ]
[ 144.34723, 367.463 ]
[ 180.63844, 370.65378 ]
[ 217.87148, 374.2087 ]
[ 257.78546, 377.89316 ]
[ 299.9351, 382.1664 ]
[ 343.74304, 386.43027 ]
[ 390.85416, 390.4793 ]
[ 440.37796, 394.79346 ]
[ 493.59412, 399.86838 ]
]

--------------------------------------------------image9.jpg = 

 [[ 156.12643, 103.83577 ]
[ 188.33235, 101.08939 ]
[ 221.8682, 98.26239 ]
[ 257.8962, 95.17933 ]
[ 295.62094, 91.91885 ]
[ 336.21274, 88.96562 ]
[ 379.68338, 85.58973 ]
[ 425.7974, 81.81505 ]
[ 476.28818, 77.68917 ]
[ 150.88277, 145.50446 ]
[ 183.15329, 143.98068 ]
[ 217.15662, 142.4965 ]
[ 251.63506, 140.32277 ]
[ 289.85995, 138.91214 ]
[ 330.52377, 137.71297 ]
[ 374.44897, 135.92303 ]
[ 421.17606, 134.21928 ]
[ 471.45755, 131.71176 ]
[ 145.81854, 187.74562 ]
[ 178.23051, 187.61153 ]
[ 211.16599, 187.08255 ]
[ 246.41089, 186.45709 ]
[ 285.50116, 186.92819 ]
[ 325.23032, 186.79141 ]
[ 369.50732, 186.69272 ]
[ 416.14514, 186.4466 ]
[ 466.9139, 186.12813 ]
[ 140.58995, 230.4431 ]
[ 172.68144, 231.4568 ]
[ 205.61003, 232.38095 ]
[ 240.8945, 233.35706 ]
[ 280.43726, 235.19975 ]
[ 320.46585, 236.58626 ]
[ 364.66312, 238.1858 ]
[ 410.94183, 239.55536 ]
[ 461.99387, 241.13374 ]
[ 134.92004, 273.49335 ]
[ 167.09543, 275.7112 ]
[ 200.03726, 277.91968 ]
[ 236.05214, 280.54257 ]
[ 275.12448, 284.01035 ]
[ 315.9107, 287.40875 ]
[ 359.4595, 290.4137 ]
[ 406.18375, 293.59897 ]
[ 457.3943, 297.41507 ]
[ 129.52939, 317.17386 ]
[ 161.39368, 320.71735 ]
[ 194.93193, 324.463 ]
[ 230.83788, 328.6635 ]
[ 270.0254, 333.39523 ]
[ 310.34515, 338.13882 ]
[ 354.2751, 342.9042 ]
[ 401.62234, 348.18698 ]
[ 452.22806, 353.74323 ]
[ 123.59435, 361.28802 ]
[ 156.0328, 366.33514 ]
[ 189.45111, 371.5331 ]
[ 225.65096, 377.2579 ]
[ 260.0, 378.0 ]
[ 305.12848, 390.03235 ]
[ 349.4132, 396.7323 ]
[ 396.36176, 403.81906 ]
[ 447.39615, 411.78986 ]
]

--------------------------------------------------